1 00008037 00 000 000 000 0 01 00 00 000 00008 0 0 0 0 1 0 1 1 0 1
2 0000CF97 00 000 100 100 0 01 00 1f 000 0000c 0 0 1 0 0 0 1 0 0 1
3 040000EF 00 001 000 000 0 00 00 01 040 00010 0 0 1 0 0 0 1 0 1 0
4 0000000F 00 000 000 000 f 00 00 00 000 00000 0 0 0 0 0 0 1 0 0 0
5 00000073 00 000 000 000 f 00 00 00 000 00000 0 0 0 0 0 0 0 0 0 0
6 00100073 00 000 000 000 f 00 01 00 001 00100 0 0 0 0 0 0 0 0 0 0
7 80000F37 00 000 000 000 0 00 00 1e 800 80000 0 0 0 0 1 0 1 1 0 1
8 00401113 01 000 001 001 2 00 04 02 004 00401 0 0 0 0 0 0 1 0 0 0
9 00805193 01 000 101 101 3 00 08 03 008 00805 0 0 0 0 0 0 1 0 0 0
10 004F5193 01 000 101 101 3 1e 04 03 004 004f5 0 0 0 0 0 0 1 0 0 0
11 40405213 01 000 101 101 4 00 04 04 404 40405 0 0 0 0 0 0 1 0 0 0
12 404F5213 01 000 101 101 4 1e 04 04 404 404f5 0 0 0 0 0 0 1 0 0 0
13 000F0023 00 000 000 000 0 1e 00 00 000 000f0 0 0 0 0 0 1 0 0 0 0
14 002F1023 01 000 001 001 0 1e 02 00 000 002f1 0 0 0 0 0 1 0 0 0 0
15 003F2823 10 000 010 010 0 1e 03 10 010 003f2 0 0 0 0 0 1 0 0 0 0
16 81000EB7 00 000 000 000 0 00 10 1d 810 81000 0 0 0 0 1 0 1 1 0 1
17 FE0E8E23 00 000 000 000 0 1d 00 1c 1fdc fe0e8 0 0 0 0 0 1 0 0 0 0
18 FE2E9C23 01 000 001 001 0 1d 02 18 1fd8 fe2e9 0 0 0 0 0 1 0 0 0 0
19 FE3EAA23 10 000 010 010 0 1d 03 14 1fd4 fe3ea 0 0 0 0 0 1 0 0 0 0
20 00010333 00 000 000 000 0 02 00 06 000 00010 1 0 0 0 0 0 1 0 0 0
21 400103B3 00 000 000 000 1 02 00 07 400 40010 1 0 0 0 0 0 1 0 0 0
22 00061433 01 000 001 001 2 0c 00 08 000 00061 1 0 0 0 0 0 1 0 0 0
23 000354B3 01 000 101 101 3 06 00 09 000 00035 1 0 0 0 0 0 1 0 0 0
24 000F5533 01 000 101 101 3 1e 00 0a 000 000f5 1 0 0 0 0 0 1 0 0 0
25 40035633 01 000 101 101 4 06 00 0c 400 40035 1 0 0 0 0 0 1 0 0 0
26 400F56B3 01 000 101 101 4 1e 00 0d 400 400f5 1 0 0 0 0 0 1 0 0 0
27 00327733 11 000 111 111 5 04 03 0e 003 00327 1 0 0 0 0 0 1 0 0 0
28 003267B3 10 000 110 110 6 04 03 0f 003 00326 1 0 0 0 0 0 1 0 0 0
29 00324833 00 000 100 100 7 04 03 10 003 00324 1 0 0 0 0 0 1 0 0 0
30 01DF24B3 10 000 010 010 9 1e 1d 09 01d 01df2 1 0 0 0 0 0 1 0 0 0
31 01EEA4B3 10 000 010 010 9 1d 1e 09 01e 01eea 1 0 0 0 0 0 1 0 0 0
32 003124B3 10 000 010 010 9 02 03 09 003 00312 1 0 0 0 0 0 1 0 0 0
33 0021A4B3 10 000 010 010 9 03 02 09 002 0021a 1 0 0 0 0 0 1 0 0 0
34 002F24B3 10 000 010 010 9 1e 02 09 002 002f2 1 0 0 0 0 0 1 0 0 0
35 01E124B3 10 000 010 010 9 02 1e 09 01e 01e12 1 0 0 0 0 0 1 0 0 0
36 01DF3533 11 000 011 011 8 1e 1d 0a 01d 01df3 1 0 0 0 0 0 1 0 0 0
37 01EEB533 11 000 011 011 8 1d 1e 0a 01e 01eeb 1 0 0 0 0 0 1 0 0 0
38 00313533 11 000 011 011 8 02 03 0a 003 00313 1 0 0 0 0 0 1 0 0 0
39 0021B533 11 000 011 011 8 03 02 0a 002 0021b 1 0 0 0 0 0 1 0 0 0
40 002F3533 11 000 011 011 8 1e 02 0a 002 002f3 1 0 0 0 0 0 1 0 0 0
41 01E13533 11 000 011 011 8 02 1e 0a 01e 01e13 1 0 0 0 0 0 1 0 0 0
42 00300993 00 000 000 000 0 00 03 13 003 00300 0 0 0 0 0 0 1 0 0 0
43 FF507A13 11 000 111 111 5 00 15 14 ff5 ff507 0 0 0 0 0 0 1 0 0 0
44 FF106A93 10 000 110 110 6 00 11 15 ff1 ff106 0 0 0 0 0 0 1 0 0 0
45 FF204B13 00 000 100 100 7 00 12 16 ff2 ff204 0 0 0 0 0 0 1 0 0 0
46 800EAE13 10 000 010 010 9 1d 00 1c 800 800ea 0 0 0 0 0 0 1 0 0 0
47 820EAE13 10 000 010 010 9 1d 00 1c 820 820ea 0 0 0 0 0 0 1 0 0 0
48 400EAE13 10 000 010 010 9 1d 00 1c 400 400ea 0 0 0 0 0 0 1 0 0 0
49 80012E13 10 000 010 010 9 02 00 1c 800 80012 0 0 0 0 0 0 1 0 0 0
50 40012E13 10 000 010 010 9 02 00 1c 400 40012 0 0 0 0 0 0 1 0 0 0
51 00812E13 10 000 010 010 9 02 08 1c 008 00812 0 0 0 0 0 0 1 0 0 0
52 800EBE13 11 000 011 011 8 1d 00 1c 800 800eb 0 0 0 0 0 0 1 0 0 0
53 820EBE13 11 000 011 011 8 1d 00 1c 820 820eb 0 0 0 0 0 0 1 0 0 0
54 400EBE13 11 000 011 011 8 1d 00 1c 400 400eb 0 0 0 0 0 0 1 0 0 0
55 80013E13 11 000 011 011 8 02 00 1c 800 80013 0 0 0 0 0 0 1 0 0 0
56 40013E13 11 000 011 011 8 02 00 1c 400 40013 0 0 0 0 0 0 1 0 0 0
57 00813E13 11 000 011 011 8 02 08 1c 008 00813 0 0 0 0 0 0 1 0 0 0
58 000F0C03 00 000 000 000 0 1e 00 18 000 000f0 0 0 0 0 1 0 1 1 0 1
59 004F1C83 01 000 001 001 0 1e 04 19 004 004f1 0 0 0 0 1 0 1 1 0 1
60 008F2D03 10 000 010 010 0 1e 08 1a 008 008f2 0 0 0 0 1 0 1 1 0 1
61 FFCE8C03 00 000 000 000 0 1d 1c 18 ffc ffce8 0 0 0 0 1 0 1 1 0 1
62 FF8E9C83 01 000 001 001 0 1d 18 19 ff8 ff8e9 0 0 0 0 1 0 1 1 0 1
63 FF4EAD03 10 000 010 010 0 1d 14 1a ff4 ff4ea 0 0 0 0 1 0 1 1 0 1
64 000F4C03 00 000 100 100 0 1e 00 18 000 000f4 0 0 0 0 1 0 1 1 0 1
65 004F5C83 01 000 101 101 0 1e 04 19 004 004f5 0 0 0 0 1 0 1 1 0 1
66 FFCECC03 00 000 100 100 0 1d 1c 18 ffc ffcec 0 0 0 0 1 0 1 1 0 1
67 FF8EDC83 01 000 101 101 0 1d 18 19 ff8 ff8ed 0 0 0 0 1 0 1 1 0 1
68 00C08DE7 00 000 000 000 0 01 0c 1b 00c 00c08 0 0 1 0 0 0 1 0 1 0
69 FF4F8DE7 00 000 000 000 0 1f 14 1b ff4 ff4f8 0 0 1 0 0 0 1 0 1 0
70 00000C63 00 000 000 000 f 00 00 18 00c 00000 0 0 1 1 0 0 0 0 0 0
71 FF0004E3 00 000 000 000 f 00 10 09 ff4 ff000 0 0 1 1 0 0 0 0 0 0
72 00008C63 00 000 000 000 f 01 00 18 00c 00008 0 0 1 1 0 0 0 0 0 0
73 00009C63 01 000 001 001 f 01 00 18 00c 00009 0 0 1 1 0 0 0 0 0 0
74 FF0094E3 01 000 001 001 f 01 10 09 ff4 ff009 0 0 1 1 0 0 0 0 0 0
75 00008C63 00 000 000 000 f 01 00 18 00c 00008 0 0 1 1 0 0 0 0 0 0
