1 80000000 80000000 00000000 0 1 0 2 00000000
2 80000004 80000000 00000000 0 1 0 2 00000000
3 80003FF9 80000000 00000000 0 1 0 2 00000000
4 80003FFC 80000000 00000000 0 1 0 2 00000000
5 80000000 80000000 AA000000 1 0 0 2 00000000
6 80000000 80000004 00550000 1 0 0 2 00000000
7 80000000 80003FF9 00007700 1 0 0 2 00000000
8 80000000 80003FFC 000000BB 1 0 0 2 00000000
9 80000000 80000000 00000000 0 1 0 2 AA000000
10 80000004 80000000 00000000 0 1 0 2 00550000
11 80003FF9 80000000 00000000 0 1 0 2 00007700
12 80003FFC 80000000 00000000 0 1 0 2 000000BB
13 80000001 80000000 00000000 0 1 0 2 AA000000
14 80000006 80000000 00000000 0 1 0 2 00550000
15 80003FFA 80000000 00000000 0 1 0 2 00007700
16 80003FFF 80000000 00000000 0 1 0 2 000000BB
13 7FFFFFFF 80000000 00000000 0 1 0 2 AA000000
14 80004000 80000000 00000000 0 1 0 2 000000BB
15 80003FFC 80000000 00000000 0 1 1 2 00000000
16 80000000 80000000 00000000 0 1 1 2 00000000