1 00 01 00 00000000 0 0 00000000 00000000
2 02 03 00 00000000 0 0 00000000 00000000
3 04 05 00 00000000 0 0 00000000 00000000
4 06 07 00 00000000 0 0 00000000 00000000
5 08 09 00 00000000 0 0 00000000 00000000
6 0A 0B 00 00000000 0 0 00000000 00000000
7 0C 0D 00 00000000 0 0 00000000 00000000
8 0E 0F 00 00000000 0 0 00000000 00000000
9 10 11 00 00000000 0 0 00000000 00000000
10 12 13 00 00000000 0 0 00000000 00000000
11 14 15 00 00000000 0 0 00000000 00000000
12 16 17 00 00000000 0 0 00000000 00000000
13 18 19 00 00000000 0 0 00000000 00000000
14 1A 1B 00 00000000 0 0 00000000 00000000
15 1C 1D 00 00000000 0 0 00000000 00000000
16 1E 1F 00 00000000 0 0 00000000 00000000
17 00 01 01 BB00AA00 0 1 00000000 BB00AA00
18 1A 01 1A 00CC00DD 0 1 00CC00DD BB00AA00
19 1B 01 1B BB00AA00 1 1 00000000 00000000
20 00 01 1B 00000000 1 0 00000000 00000000
21 1A 1B 1B BB00AA00 1 0 00000000 00000000